114
0 1 0.3 1.0 1 0 0 0
1 2 1.8 1.0 1 1 1 0
2 3 1.1 0.9 1 1 1 0
3 4 2.6 0.7 1 1 1 0
4 5 0.5 0.6 1 1 1 0
5 6 0.2 0.5 1 1 1 0
6 7 0.4 0.2 1 1 1 0
7 8 0.8 0.1 1 1 1 0
8 9 1.2 0.2 1 1 1 0
9 10 0.9 0.3 1 1 1 0
10 11 0.6 0.4 1 1 1 0
11 12 1.2 0.6 1 1 1 0
12 13 1.2 0.7 1 1 1 0
13 14 0.5 0.7 1 1 1 0
14 15 1.4 0.7 1 1 1 0
15 16 0.5 0.5 1 1 1 0
16 17 0.6 0.5 1 1 1 0
17 18 0.5 0.4 1 1 1 0
18 19 2.0 0.6 1 1 1 0
19 20 0.8 0.5 1 1 1 0
20 21 0.7 0.7 1 1 1 0
21 22 1.0 0.6 1 1 1 0
22 23 0.9 0.6 1 1 1 0
23 24 1.0 0.7 1 1 1 0
24 25 0.9 0.8 1 1 1 0
25 26 0.7 0.7 1 1 1 0
26 27 0.75 0.8 1 1 1 0
27 28 0.6 0.8 1 1 1 0
28 29 1.05 0.7 1 1 1 0
29 30 1.1 0.6 1 1 1 0
30 31 0.46 1.0 1 0 0 0
19 32 1.5 0.6 1 1 1 0
32 33 0.75 0.8 1 1 1 0
33 34 1.85 0.8 1 1 1 0
34 35 3.5 0.8 1 1 1 0
35 36 0.55 0.7 1 1 1 0
36 37 0.45 0.6 1 1 1 0
37 38 0.75 0.6 1 1 1 0
38 39 1.25 0.7 1 1 1 0
39 40 0.55 0.8 1 1 1 0
40 31 0.25 1.0 1 0 0 0
11 41 0.8 0.8 1 1 1 0
41 42 3.5 0.8 1 1 1 0
42 43 2.5 0.8 1 1 1 0
43 44 4.5 0.7 1 1 1 0
44 45 2.5 0.6 1 1 1 0
45 46 0.8 0.6 1 1 1 0
46 47 0.9 0.5 1 1 1 0
47 48 1.65 0.5 1 1 1 0
48 49 3.5 0.4 1 1 1 0
49 50 2.6 0.4 1 1 1 0
50 51 1.5 0.5 1 1 1 0
51 52 2.4 0.5 1 1 1 0
52 53 2.3 0.6 1 1 1 0
53 54 3.5 0.6 1 1 1 0
54 55 1.2 0.6 1 1 1 0
55 56 2.8 0.7 1 1 1 0
56 57 2.0 0.5 1 1 1 0
57 58 3.1 0.4 1 1 1 0
58 59 1.5 0.3 1 1 1 0
59 31 0.5 1.0 1 0 0 0
17 60 4.0 0.7 1 1 1 0
60 61 1.2 1.0 0 0 0 1
61 62 2.0 1.0 0 0 0 1
62 63 1.5 1.0 0 0 0 1
63 64 1.0 1.0 0 0 0 1
64 65 2.0 1.0 0 0 0 1
65 66 1.5 1.0 0 0 0 1
66 67 1.2 1.0 0 0 0 1
67 31 1.35 1.0 0 0 0 1
12 68 3.5 0.7 1 1 1 0
68 69 2.0 0.7 1 1 1 0
69 70 0.5 0.8 1 1 1 0
70 71 3.6 0.8 1 1 1 0
71 72 2.5 0.7 1 1 1 0
72 73 2.0 0.6 1 1 1 0
73 74 1.56 0.5 1 1 1 0
74 75 0.95 0.5 1 1 1 0
75 76 3.6 0.5 1 1 1 0
76 77 2.35 0.6 1 1 1 0
77 78 1.65 0.7 1 1 1 0
78 79 2.0 0.7 1 1 1 0
79 80 1.9 0.6 1 1 1 0
80 81 1.85 0.7 1 1 1 0
81 82 0.65 0.6 1 1 1 0
82 83 0.45 0.7 1 1 1 0
83 84 0.35 0.6 1 1 1 0
84 85 0.6 0.8 1 1 1 0
85 31 0.25 1.0 1 0 0 0
2 86 10.6 0.7 1 1 0 0
86 87 1.2 0.8 1 1 1 0
87 88 0.8 0.8 1 1 1 0
88 89 1.35 0.8 1 1 1 0
89 90 1.4 0.7 1 1 1 0
90 91 0.65 0.6 1 1 1 0
91 92 1.45 0.7 1 1 1 0
92 93 1.8 0.8 1 1 1 0
93 44 0.45 0.8 1 1 1 0
44 45 2.5 0.6 1 1 1 0
45 46 0.8 0.6 1 1 1 0
46 47 0.9 0.5 1 1 1 0
47 48 1.65 0.5 1 1 1 0
48 49 3.5 0.4 1 1 1 0
49 50 2.6 0.4 1 1 1 0
50 51 1.5 0.5 1 1 1 0
51 52 2.4 0.5 1 1 1 0
52 53 2.3 0.6 1 1 1 0
53 54 3.5 0.6 1 1 1 0
54 55 1.2 0.6 1 1 1 0
55 56 2.8 0.7 1 1 1 0
56 57 2.0 0.5 1 1 1 0
57 58 3.1 0.4 1 1 1 0
58 59 1.5 0.3 1 1 1 0
59 31 0.5 1.0 1 0 0 0